Genotype	EarHeight	MiddleLeafAngle	PlantHeight	UpperLeafAngle
33-16	67.96245151261456	75.17224361227665	152.49117632979346	64.45474092541286
38-11	88.76014421429606	51.607796799621994	153.2828421431208	60.02786868857743
4226	75.5783838249431	45.94855581363035	151.61050464495898	37.17092865668282
4722	78.69407264424471	60.8040634018584	151.8494100018392	62.77172546861652
A188	38.90912310547033	60.8040634018584	116.9692278973206	42.4259907681617
A214N	81.77591278819449	64.34108901810318	151.22702477148363	69.96602247104747
A239	48.73552630480617	56.55963266236468	120.3139028936443	57.299729250390996
A272	52.61700482404403	41.62900623276255	140.9252568350088	50.89225856133084
A441-5	51.55668089807493	61.511468525107354	110.54824881719854	51.75271924382996
A554	45.19473734226028	57.97444290886257	111.34069250461968	36.25276425576119
A556	44.281870351328365	50.19878221387722	100.00694755882176	45.62745180622243
A6	101.42960039786188	72.12254537384166	166.9004474852959	71.25013190306822
A619	49.84857096266617	56.11817704555618	136.320561804622	55.46372009626243
A632	75.66862657351699	53.0226070461199	141.15459196639424	25.418193521700932
A634	64.07430203059872	58.91764973891798	134.64822430646015	24.203510843646605
A635	46.338842597651094	55.852227539115724	100.24585291570205	12.776109338673244
A641	50.761437953598104	45.94855581363036	119.00098148302402	44.87960911440045
A654	38.19011799332381	65.75589926460107	108.60754040651132	56.13193767006236
A659	47.05784770979761	55.13161124027636	118.16375468172191	42.78825278503334
A661	62.425001139258285	53.730012169368855	134.32155943983267	52.983614890697936
A679	69.61988261878862	67.17070951109899	143.7494718932037	73.1129195608562
A680	81.3304247221153	66.46330438785003	160.45000284952874	77.1677902829388
A682	53.52889371911634	58.091308656115835	139.904142157826	22.573533902574795
Ab28A	70.21761410955716	61.511468525107354	151.89193307025292	65.74220409979976
AMES10264	113.15068306036764	73.24336654034875	188.25593350215507	62.1985951639222
AMES12815	62.146337775630165	61.93054380935148	123.02087629583215	67.37656600578703
AMES12818	56.90017654634288	63.430242670639245	140.91721942323048	48.18018629936137
AMES12822	85.75406330742294	58.936805327761896	153.90650072537443	51.37116345231546
AMES14211	48.73948130078488	59.7460767887587	103.39262899481466	44.677688949417046
AMES19006	67.39249900491744	67.29550426407154	156.79300768140638	63.34925535100328
AMES19007	82.83952929115223	69.88460701516271	163.72062437588318	71.73784876365039
AMES19013	68.84976601305281	60.43650418904968	168.62768620113752	64.80301627029107
AMES19019	75.55319425047544	61.214649824623535	149.8653909869296	62.411888271771375
AMES19318	50.779655112174375	67.30682274604352	106.27913595084662	63.197704984899914
AMES21095	84.58824970091464	69.13192796402583	163.43197368027995	71.56384649145764
AMES21096	95.95493236437042	67.84728026020574	175.26665220001112	53.243091122518074
AMES22025	25.423209170619167	55.92891874370734	115.8046089057522	48.932325153355826
AMES22050	23.965942162483806	57.47955077386904	98.4855671695603	56.74839496072357
AMES22051	47.28221429264953	59.58478842065793	103.68127969041785	53.39183500036026
AMES22061	62.146337775630165	47.906944646064204	137.1647603803889	43.50738334450776
AMES22759	106.73870822457206	63.039755042605826	176.99855637363032	60.97215979378945
AMES22760	110.81905584735108	73.58858024049424	187.67863211094866	74.50223970090613
AMES22765	78.75918166837323	64.4828614940337	159.6795146374384	69.74524209821732
AMES22766	102.94981400342016	43.50405515896271	174.68935080880473	50.33837577220367
AMES2330	67.10104560329037	45.11693883997032	132.83499994634093	37.052460343809074
AMES2332	64.18651158701967	60.92602853433796	124.75278046945137	62.42592071307724
AMES2336	46.69930748939538	71.96154845702164	101.37207412559226	66.72265424093364
AMES2337	67.97540580817159	72.15113303005236	128.50523951229295	67.32324272882471
AMES2338	70.8899398244423	52.539033393098364	129.37119159910253	59.15074891228795
AMES23389	37.3727986373291	57.323921646754286	108.87699221127544	48.71061258072313
AMES2339	81.38226228301687	64.5479427653726	155.6384048989936	52.53024310418004
AMES23392	39.412972448718605	60.184667965173055	105.70183455964026	45.84238157780396
AMES23401	50.48820171054731	62.5898453842195	112.62945125411703	51.382389405360144
AMES23403	34.45826462105838	49.78864227390642	110.03159499368822	42.11255867870461
AMES23404	57.19162994796996	60.45065229151466	125.33008186065773	57.217078500339525
AMES23410	60.98052416912188	66.0476416266604	135.7215069023729	64.19681480587762
AMES23414	62.7292445788843	63.35384291732837	126.77333533867375	46.962170394012134
AMES23418	60.39761736586774	51.25721530977124	123.88682838264175	41.646681627349835
AMES23423	61.271977570748945	60.07148314545322	138.89666455400808	52.87824764856554
AMES23424	64.18651158701967	55.122476903203534	140.62856872762728	48.00618402716862
AMES23425	42.91041326824346	58.35107388571177	98.48556716956028	52.10926986500404
AMES23436	65.93523199678208	56.755167927662114	144.09237707486565	49.799530026058385
AMES23451	46.40785408776831	47.89562616409221	122.15492420902255	24.09771053023293
AMES23452	50.779655112174375	49.03596322276953	103.10397829921145	53.85209907519268
AMES23455	59.81471056261359	61.48346377145813	122.44357490462576	48.110024092832035
AMES23466	73.22156703745887	54.77160396207205	135.7215069023729	38.121732371316114
AMES23482	46.11640068614123	54.68954496777517	111.4748484717042	42.0395899839141
AMES23490	48.4480278991578	52.431507814364515	119.84571864419698	46.92287955835571
AMES23493	72.34720683257765	55.297913373769276	135.1442055111665	51.63216686060457
AMES23504	56.31726974308874	59.36973726319026	141.7831715100401	73.29825623686277
AMES23922	40.28733265359982	56.44108005293958	125.61873255626094	50.652702457455085
AMES24589	90.70877113508315	58.051134113454204	170.64824107035992	56.203936238055945
AMES24710	65.35232519352795	58.05962297493319	136.5874589891825	34.027065998264206
AMES24714	49.32238810403902	54.31603506269973	121.86627351341937	39.6709138914838
AMES24715	54.86000273495338	49.780153412427424	132.2576985551345	52.465693874173056
AMES24728	55.442909538207516	58.54631769972847	139.47396594521447	56.57719917679201
AMES24729	77.30191466023787	58.515191874305515	156.50435698580316	66.22309933044477
AMES24730	47.573667694276594	62.926570222886	125.61873255626094	55.56966989103077
AMES24735	77.30191466023786	68.64806285972354	146.40158263969127	69.13062116902036
AMES24742	61.271977570748945	54.55938242509737	129.0825409034993	52.31694999633087
AMES24750	84.87970310254174	62.637948932600416	178.4418098516463	47.161431060555444
AMES26130	97.70365277413288	72.34071760308308	194.89489950102862	72.67240935462111
AMES26745	56.02581634146167	65.35721422636941	131.6803971639281	53.06908885032533
AMES26748	95.95493236437045	60.71097737687028	159.10221324623197	43.96203444281784
AMES26749	88.37714392206658	58.75570961621017	158.8135625506288	52.22152939545097
AMES26765	53.98564253007216	62.64643779407942	111.76349916730743	55.04766307445252
AMES26773	103.82417420830137	66.15799682588721	181.32831680767825	59.42859125014412
AMES26776	108.77888203596159	60.790206750674166	181.3283168076783	54.91295163791621
AMES26780	91.87458474159143	60.12524593482015	176.99855637363032	67.5253098836292
AMES26783	47.28221429264953	59.386714986148235	130.5257943815153	49.67323805430559
AMES26791	77.59336806186494	51.79767282393345	142.64912359684968	50.7565425231185
AMES26797	76.71900785698372	56.72121248174617	142.36047290124645	59.26020195447372
AMES26798	59.52325716098652	64.54228352438662	119.84571864419698	57.05149569293029
AMES26800	70.30703302118815	69.50826748959427	158.23626115942238	59.296686301868974
AMES27020	64.7694183902738	64.4800318735407	133.9896027287537	49.29716862730835
AMES27041	68.55831261142572	56.40429498653064	136.5874589891825	51.01473944314644
AMES27042	53.98564253007216	69.79971840037284	116.67056099256178	66.87701109529816
AMES27044	56.608723144715796	53.23229041388233	139.76261664081767	45.937802178683874
AMES27117	56.02581634146167	39.96702954271793	121.28897212221295	29.222358095135455
AMES27119	30.086463596652315	58.06245259542619	107.43373873325945	64.61498155679246
AMES27182	77.59336806186494	62.193698515200076	161.4114188110576	78.31064427131835
AMES27444	48.73948130078488	34.54830629863095	119.84571864419698	41.63264918604396
AMES27445	42.32750646498931	52.90688405718781	103.39262899481466	57.03746325162443
AMES27451	75.55319425047544	51.735421173087545	144.95832916167524	50.25979410089081
AMES28367	106.15580142131793	67.21627489026766	180.46236472086866	71.56665297971882
AMES28929	94.78911875786216	72.49634673019786	165.45252854950232	72.52085898851776
AMES28932	84.87970310254174	64.38382477677884	151.59729516054884	53.43112583601668
AMES28933	89.54295752857486	73.57726175852225	171.22554246156633	69.4730127368835
AMES28938	91.2916779383373	60.05167580200225	157.3703090726128	59.403332855793565
AMES28941	87.50278371718538	65.92313832496856	155.3497542033904	43.754354311491014
AMES28942	75.84464765210251	71.26546181574467	144.09237707486565	62.1256264691317
AMES28977	67.9754058081716	61.22030906560953	136.01015759797608	53.74264603300693
AMES28981	71.47284662769644	64.26781033656601	138.0307124671985	46.99304176488505
AMES28993	87.21133031555829	57.932290052748385	157.0816583770096	48.31209124763651
AMES29000	86.62842351230417	55.78743771905755	151.30864446494564	60.876739192909554
AMES29011	57.77453675122408	65.01200052622391	138.3193631628017	61.732718112567426
AMES29017	81.0908088813898	65.18460737629667	140.05126733642086	61.39593952122663
AMES29024	97.99510617575993	57.482380394362046	159.39086394183522	51.236452015779136
AMES29025	87.21133031555829	59.23391547952646	150.15404168253284	54.53688221091898
AMES29027	104.11562760992842	58.4642587054316	163.43197368027995	57.21146552381717
AMES29028	95.66347896274337	59.78286185516765	163.72062437588315	52.54427554548591
AMES30527	95.66347896274337	64.87051950157414	170.07093967915353	65.74880281430647
AMES30534	73.51302043908593	65.18743699678966	146.11293194408802	69.83224323431368
AMES30862	91.00022453671023	61.89092912244953	176.4212549824239	66.4728767856892
B10	71.49102954454355	53.022607046119894	144.35605334339388	37.933852210330286
B103	48.735526304806186	67.27971717003803	107.65191897899028	58.47342525528655
B104	50.89254164124574	60.096658278609446	127.00325288629169	58.21200571411566
B105	63.25793906297398	62.92627877160526	140.57969714351916	69.4530459844638
B109	71.02468478134845	58.68184803211153	156.38861178256423	64.74749424338782
B115	79.76085403923688	51.60779679962199	150.45176599567333	35.72992517341941
B14A	62.63629180630567	63.63368389485422	142.5321010835089	35.72992517341941
B164	64.55363877202973	70.0003300040948	144.443343938551	57.427747090603006
B2-Good	79.89241449782226	60.8040634018584	157.34423321008532	65.0089137845587
B37	69.3470061863399	67.17070951109899	143.48772251102994	59.78052296114098
B46	53.04955697768533	61.511468525107354	151.61050464495895	48.80090223196375
B52	76.29738893708964	67.87811463434794	156.62751713944448	64.30647873236283
B57	52.330551865538794	53.022607046119894	123.41967253308773	51.937936726014385
B64	48.97519467552169	51.60779679962199	107.65191897899028	15.44250302316702
B68	72.4626950056415	58.68184803211153	150.6548832174379	39.128379208640936
B73	77.81471276968256	64.77795048995446	160.06067760716846	74.30664744029272
B73Htrhm	71.02468478134845	66.46330438785003	155.6718957119234	75.2042758902233
B75	60.23960809915057	52.31520192287095	135.36494037710096	43.57251140854601
B76	52.330551865538794	47.239084798037744	132.02026538077726	45.54660482883992
B77	64.31397040131422	67.17070951109899	151.1326939311984	50.892258561330834
B79	72.00561145221914	67.17070951109899	139.52310556029096	68.10180136843094
B84	72.50906640073629	72.88979573531323	145.07021137223893	61.08762066699541
B97	76.05772056637413	68.5855197575969	155.43299035504316	54.02929305538148
C103	56.4402629974378	56.11817704555618	138.8138237671314	56.17026222745358
C123	50.90889488863529	62.13084987430577	125.31022401035766	40.664337589825706
C49A	45.85950585622007	41.70412507413663	115.29689039915873	42.948296385618356
CH701-30	67.42965922061582	50.192986553124086	143.48772251102994	46.70954590259665
CH9	40.58680170047889	51.60779679962199	117.92484932484165	40.96625129275091
CI.7	88.9998125850116	69.29292488084586	172.63417605042227	68.90263126534187
CI187-2	66.17382985938904	54.43741729261781	118.12712599992022	40.862687439016966
CI21E	70.78501641063293	55.85222753911572	157.58313856696557	61.08762066699541
CI28A	76.77672567852066	53.46779589612047	136.79837251838254	62.55479136186989
CI31A	75.81805219565861	55.144822415866756	129.3923064550943	59.69731954253154
CI3A	80.41637168877998	68.94353251419392	164.89607959138516	67.81549183246663
CI64	84.20644517070141	60.8040634018584	153.04393678624055	59.63531241104829
CI66	51.99243436309301	67.01989200472147	124.46667549928934	67.64186908554396
CI90C	62.87596017702117	65.04849414135212	121.26952432116533	57.883625040555316
CI91B	57.60325602127999	56.11817704555618	120.31390289364433	56.38206892591945
CIZE127	96.53783916762458	65.4392732206663	164.00927507148634	60.200375521966784
CIZE38	94.49766535623507	59.8111580600976	154.19515142097762	47.05759099489203
CIZE86	79.34208847162738	69.03855048775696	137.4534110759921	61.322970826436126
CIZE88	77.0104612586108	47.08635470309541	176.70990567802707	40.51566685809698
CM105	46.09917422693559	62.34688814363891	116.49141718356006	32.85431022053966
CM174	44.42149563192703	42.41153019738558	106.6962975514692	19.632550241657256
CM37	33.26938816472526	55.13161124027636	96.0784019735074	48.56763186839833
CM7	32.1984087254361	44.279387382198266	99.76804220194151	25.759740791232563
CML10	102.61209546880778	NA	181.61038980404012	70.58802719076344
CML103	100.26422600864046	67.17070951109899	160.45000284952874	56.72237722811862
CML108	67.90899596204684	57.267037785613624	150.65488321743788	63.66390929508211
CML11	103.37991482794206	73.84147445729941	172.15636533666174	64.29737887232874
CML14	79.16167317739144	56.08328996226254	143.60606541231098	57.487078517194064
CML154Q	77.49573079066717	70.00033000409479	138.47071001654442	58.05095767333659
CML157Q	111.76830780298485	70.70773512734377	180.04024211371046	73.11170993815136
CML158Q	91.20120407546139	69.93009831947376	154.6306404449398	62.16856240724342
CML218	78.21473590281371	60.06444026667548	161.16671892016956	66.8776459952405
CML220	48.016521192659646	67.9569667089141	111.47440468907449	54.49984915263783
CML228	84.94646092574668	68.26628297531786	153.30539517351832	66.37829479900343
CML238	67.82316544422709	59.389253155360485	136.41736769655023	65.28991074453428
CML247	83.00810331712387	59.389253155360485	147.07130286423393	69.74475507652531
CML254	96.41493415115137	58.30290848058445	167.29258430781306	69.19132685820439
CML258	96.78103773905414	64.82163132113872	159.95329706831902	63.30647307699971
CML261	104.42298633879207	NA	174.43722683808204	64.97505066841676
CML264	66.03423759365118	NA	154.91710274454385	57.487078517194064
CML277	91.0607992482129	75.16829555541432	171.9456701290643	66.45756790553241
CML281	82.53142778421488	68.08099274141587	145.6354915720919	65.28991074453428
CML287	97.78929612234954	65.94894801506081	181.53001265087534	65.28991074453428
CML311	81.42689222605333	52.29513660751006	166.6867600080938	62.67588944866654
CML314	94.99152185289927	70.70773512734377	180.99586354123153	67.71910285168752
CML321	91.41537279703972	67.9569667089141	186.07717210827485	61.38849463086417
CML322	76.05772056637413	53.022607046119894	141.5764796559878	48.07546543495104
CML323	61.35425357293403	68.5855197575969	123.45668294732214	68.95936485291682
CML328	92.35516977502868	64.99726929307461	147.07130286423393	62.16856240724342
CML331	96.78002159122904	NA	181.19508932073836	59.36207414607007
CML332	74.93708230394313	59.389253155360485	134.58258119853318	61.90715240030805
CML333	97.14853718933887	70.70773512734377	161.88343499081034	67.26971892781555
CML341	91.04332350006905	69.89521123618012	165.45619838064243	69.57725579929148
CML38	81.10820176046953	74.24476074358853	139.52310556029096	72.86444297028437
CML45	84.44678096183313	NA	161.7206361209972	63.30647307699971
CML5	90.38794956079926	68.08099274141587	180.5252426604645	63.57180653783009
CML52	118.37545130100006	NA	189.79230282248406	63.30647307699971
CML61	85.55267776619964	NA	170.87078006978382	67.24061880136934
CML69	78.4773169638321	66.97040090363427	156.86642249632476	71.38834866202177
CML77	68.86766944490887	58.056421572822195	143.2488171541497	61.97089557170557
CML91	74.85937871279658	60.09665827860944	154.47736892752212	72.02410097448731
CML92	84.83926051964674	70.91666412475358	170.72293319538016	75.41594054880825
CMV3	40.80235120235622	43.602137843322204	104.63865420537579	28.1105781012928
CO106	40.688360656891575	53.158479629716695	108.43506565074219	38.62070232425059
CO125	38.66945473475482	55.61212703375149	117.44703861108111	62.8523776160699
CO255	52.09088349482329	53.730012169368855	130.5868332394957	36.01182573211908
D940Y	78.69407264424471	60.09665827860944	152.08831535871946	72.83483536239332
DE_2	55.376625466820215	70.23941458587751	132.1912031073104	60.435947478030094
DE_3	69.7267980003586	64.34108901810318	141.1911223647956	63.64737432393385
DE1	70.20272091463616	64.34108901810316	139.96914168033865	58.10036431737281
DE811	79.17340938567574	69.29292488084586	164.03358320273273	75.10855085040279
E2558W	67.76431574834271	64.34108901810318	145.0702113722389	60.72809020304139
EP1	42.743817036918465	43.602137843322204	104.30724398266656	32.37072371215017
F2834T	57.12391927984897	62.92627877160526	133.45369752205883	56.38206892591947
F44	99.06588415506293	52.31520192287095	169.28950105409854	63.312000774915525
F6	92.31214473312491	69.29292488084586	151.37348522098569	68.98717493034621
F7	39.62803673092247	44.279387382198266	89.41641715263486	45.592689553985394
GA209	83.48744005855488	55.852227539115724	148.74364036239578	66.31040022200061
GT112	79.81227831275093	65.33258228861861	160.03881088936413	46.08622203957303
H105W	64.91631907566938	55.852227539115724	133.5463006640224	39.65121829098271
H49	61.91728669415913	50.192986553124086	135.84275109086147	37.037022879273835
H84	47.99300409222025	62.13084987430577	132.17806930134086	55.73689306073961
H91	74.38004197136557	67.17070951109899	148.26582964863525	49.933720243355694
H95	61.437949952728125	65.04849414135212	134.4093189495799	56.38206892591945
H99	38.45008875849827	53.158479629716695	110.5179418451631	47.67108707179755
Hi27	95.23119022361479	65.75589926460107	164.98920463025377	69.82824383774609
HP301	72.94203174707252	47.363366060128264	136.55946716150228	40.38235550258658
Hy	59.999939728435066	47.36336606012826	121.98624039180615	47.957396607761865
I137TN	68.13915868563329	72.88979573531323	136.14028773844655	74.96655662493626
I205	53.52889371911634	55.85222753911572	118.40266003860219	56.90490800826124
I29	59.28093461628854	54.43741729261781	119.83609217988376	33.89998838522321
IA2132	46.785223231213955	64.34108901810318	123.49149571174381	37.55986196161561
Ia5125	37.28000287673085	53.158479629716695	93.825519585672	26.420839083324317
IDS28	85.06247366908244	61.511468525107354	145.96125176695355	47.873074824126256
IDS69	47.776852821944146	52.31520192287095	91.8841654248928	56.72147181934452
IDS91	51.55668089807493	47.363366060128264	105.26529090105763	42.425990768161704
Il101	31.610172024710337	50.72308490333579	108.43506565074216	59.519103419970094
Il14H	54.727235572693886	38.87450458114081	152.0883153587195	36.878980761600644
Il677a	50.91702698593646	55.61212703375149	124.36344131649201	31.430834048595962
K148	54.48756720197838	71.41514025059271	145.63787072295233	71.02156323148911
K4	79.58825762149561	67.17070951109899	148.026924291755	63.647569153862996
K55	56.26113125017525	67.17070951109899	125.09201003124959	58.47342525528655
K64	78.52793369552651	62.92627877160526	149.46035643303657	59.63531241104828
Ki11	75.6034102699156	62.0026847939415	140.0618073375705	69.04517446481321
Ki14	91.39722409191974	NA	167.12830945498715	54.47093241791152
Ki2021	107.88204143355449	67.9569667089141	171.14738941663035	57.487078517194064
Ki21	89.23948095572707	67.9569667089141	145.1600600091918	58.741040172926176
Ki3	65.51231225489177	56.55963266236468	130.58683323949563	67.50204799340577
Ki43	63.14949009375024	65.30658555947839	122.6358718034298	54.80069672384399
Ki44	59.763767683980355	51.18534801915706	121.6076476766728	65.52949422362454
Ky21	75.89993217887192	73.53735562033957	145.67354928924294	63.22496371891286
KY226	74.49869370632824	55.144822415866756	143.38478350510078	48.88079902992402
KY228	70.54534803991744	60.096658278609446	149.2214510761563	66.57743103158404
L317	88.28080747286505	64.34108901810318	165.70592070089458	57.16632754943211
L578	90.91715955073565	69.29292488084586	183.86272782379473	75.60376561277846
M14	48.495857934090665	55.144822415866756	123.41967253308772	35.9913447145903
M162W	76.51198813758785	54.43741729261781	141.3721408309403	49.342122294837125
M37W	69.97491811017021	61.511468525107354	147.1141513062439	42.11843870611866
MEF156-55-2	60.0392723058278	64.32001975419855	121.11416464948037	38.06945532578878
Mo17	62.53440160558817	55.052186028523494	144.4696508255399	52.40926677959551
Mo18W	77.7353991613827	55.852227539115724	149.2214510761563	66.35930784290842
MO1W	58.32226113342651	59.389253155360485	134.88712966334043	38.34412058512828
Mo24W	100.983231120787	68.26628297531786	177.89009390178808	73.94075927007415
Mo44	59.28093461628853	57.97444290886258	145.87677607983258	61.61045974933718
Mo45	85.4200392143257	70.0003300040948	157.6787007097177	71.28298277265999
Mo46	56.496883317095076	68.5855197575969	137.4099223938346	54.3802502995694
Mo47	40.58680170047889	58.68184803211153	109.80206719091264	39.69853376182577
MoG	83.00810331712387	63.63368389485422	166.42263677153537	68.38319864663096
Mp339	74.23602125995566	67.9569667089141	136.66858353006066	68.16809882651235
MS1334	49.966195009121265	59.389253155360485	131.94422837756926	52.199356267185266
MS153	61.91022464012206	58.68184803211153	127.2067511646533	46.1213874536333
MS71	53.04955697768532	57.97444290886258	127.71996895693248	65.27033332572961
Mt42	47.3153851941985	48.22565060331757	112.39728408784785	38.32060834097602
N192	56.88425090913346	67.87811463434794	130.54207710285138	67.62310919626756
N28Ht	62.63629180630565	61.511468525107354	136.79837251838254	62.39471837284985
N6	60.958613211297106	65.75589926460108	131.781360023897	52.460775808356146
N7A	58.59624335191133	64.99726929307461	131.3856256139197	56.42952392426236
NC222	79.16279795251062	60.096658278609446	154.84368351709963	72.67727804167492
NC230	60.71894484058159	74.95216586683749	115.05798504227846	71.90276236361686
NC232	56.88425090913346	70.70773512734377	122.4640511055667	51.4150976436726
NC236	68.86766944490887	71.17933854378627	133.6926028789391	55.69495793910428
NC238	46.506218785774635	68.64957271486004	127.42108164177594	71.44542677842873
NC250	51.9456006392423	50.90039167637303	117.60137798540471	56.14754183702323
NC258	70.54534803991744	75.65957099008644	152.32722071559976	70.36649352290625
NC260	54.00823046054737	67.01989200472147	150.41597786055763	66.83885057275492
NC262	40.82647007119439	61.983071941549866	112.66893147347585	54.29071259655237
NC264	68.14866433276235	63.63368389485422	140.38195287158652	53.76787351421059
NC290A	48.97519467552169	60.8040634018584	120.55280825052456	64.48607470221694
NC294	74.8593787127966	48.07077118337722	157.82204392384583	60.826201125824525
NC296	78.70053011326777	63.63368389485422	154.94228022439313	67.01111738954518
NC296A	64.79330714274523	63.02413768251497	133.93150823581936	66.97578461657535
NC298	72.64361529077708	67.17070951109899	140.91169967544803	69.78752829440043
NC300	71.53429918511894	65.75589926460108	155.96431198627164	63.54587954384097
NC302	55.68590905555592	65.75589926460107	125.09201003124959	68.3937492635131
NC304	33.01503218988861	60.501169164167194	92.44311395594337	76.28198078984927
NC306	66.96907280386587	60.096658278609446	148.23998612192347	69.27548334383532
NC310	76.46386951799381	57.97444290886258	154.8902825483606	72.85150001968532
NC314	55.44624068484041	51.18534801915706	136.320561804622	57.427747090603006
NC318	74.38004197136557	67.87811463434794	145.39896536607208	67.22595768318446
NC320	83.24777168783937	63.63368389485422	153.04393678624055	61.01951612671507
NC324	55.925577426271424	50.192986553124086	137.03727787526282	62.91755745519162
NC326	77.49573079066718	63.02413768251497	160.2110974926485	73.89717818436885
NC328	77.49573079066717	64.34108901810318	149.87147252802671	75.10855085040278
NC33	97.93542901886825	70.70773512734377	177.0787057961525	73.97757551289067
NC336	61.677618323443625	64.34108901810318	134.64822430646012	68.29159733972445
NC338	85.88412376570999	62.34688814363891	141.57647965598784	65.98315231452028
NC340	78.69148568541043	66.46330438785003	149.62476248690257	63.20618840191915
NC342	71.74368989349497	66.22750268104359	148.26582964863528	53.76787351421059
NC344	67.42965922061582	70.70773512734377	154.23846357064187	56.90490800826124
NC346	71.22419251113406	65.98383509835445	146.2887246989976	65.08011029975256
NC348	72.96123308418869	62.92627877160526	146.61882309645884	66.83885057275492
NC350	58.33116237041905	60.06444026667548	129.27244244746336	63.063673363698676
NC352	63.11562854773667	67.87811463434794	139.904142157826	67.2999499015868
NC354	67.42965922061582	70.00033000409479	138.4707100165444	70.28156143710035
NC356	67.18999084990031	61.511468525107354	138.23180465966414	57.68916663177389
NC358	55.62944029558233	70.70773512734377	136.1532198007432	77.36892539279539
NC360	66.7039918223736	67.87811463434794	123.41008391606114	70.23912036512301
NC362	58.861324333403594	68.94353251419392	141.15909775878043	59.93289866524829
NC364	64.55363877202973	67.87811463434794	147.07130286423393	61.08762066699541
NC366	69.78026130628137	59.389253155360485	155.59985155389842	60.59669946951394
NC368	67.23415378535816	63.63368389485422	155.5480779094404	75.31687952563487
ND246	48.016521192659646	60.09665827860944	113.62455290099687	51.47637551570868
NSL22631	82.83952929115222	61.66738910350286	165.16387785389918	57.35740291339819
NSL22634	89.83441093020195	66.0419823856744	167.18443272312155	72.97551008682784
NSL29282	24.548848965737953	62.57852690224751	60.095024654334864	56.70629763680598
NSL29898	60.98052416912188	62.14842458731215	125.04143116505453	39.92630432325057
NSL30066	79.34208847162738	52.773891894017005	157.9476104638192	43.6392882927829
NSL30067	70.8899398244423	57.11452973027259	145.82428124848485	53.59951513168709
NSL30864	65.06087179190088	50.96859401948567	127.06198603427694	54.69685204180586
NSL30869	40.578786055226885	49.915975196091225	108.29969082006903	52.31975648459204
NSL30876	64.47796498864673	58.91982760480393	129.94849299030892	61.303325408607904
NSL30890	73.804473840713	58.11338576430011	148.99943890012003	50.63025055136569
NSL30896	60.980524169121864	57.53048394274298	147.55618542210405	67.27833891664595
NSL30901	79.9249952748815	51.424162918857995	153.6178500297712	50.97825509575119
NSL30906	43.78477347312467	71.70405299215903	129.37119159910253	74.99618163487264
NSL30907	24.25739556411088	58.93114608677591	81.74382682457477	46.89762116400515
NSL30908	33.87535781780424	64.63849062114846	98.77421786516348	58.03937956086331
NSL30912	44.07622687475174	70.0232584193195	97.0423136915443	61.62326507038166
NSL32727	74.09592724234008	60.2893639234139	141.49452081443687	46.936911999661575
NSL32733	71.21704082833728	53.221033101112006	130.07704329651668	39.917490445194076
NSL42805	46.11640068614123	47.03825115471449	106.85643734205306	31.67522883540095
NSL437871	84.58824970091466	61.35613084927332	175.5553028956143	59.95059806672235
NSL437878	73.80447384071302	49.78298303292043	146.11293194408805	42.511080011791215
NSL437879	99.4523731838953	72.38033228998503	179.5964126340591	73.47225850905551
NSL437893	70.30703302118815	61.10429462539669	144.09237707486565	59.683981681910886
NSL437895	91.58313133996438	71.2428248518007	162.85467228907356	74.97653621704441
NSL437903	57.19162994796996	63.727352822403816	134.5669041199601	67.26991945186244
NSL437910	66.51813880003623	60.781717889195164	145.82428124848485	70.03711687737935
NSL437923	66.59891483557462	54.14908745361297	138.9099509297598	60.74202775637324
NSL437925	81.09080888138979	63.48683508049917	169.49363828794714	59.173200818377346
NSL437929	75.55319425047544	81.14649657728607	187.96728280655185	79.76159870234497
NSL437930	88.96005072532074	66.01368618074443	164.87522715829596	76.64078375592021
NSL437936	95.08057215948922	63.523620146908115	171.22554246156633	67.53092286015155
NSL437946	67.39249900491744	59.12356028029962	159.39086394183514	34.52662090875306
NSL437964	66.51813880003624	60.1535421397501	148.99943890012003	44.725399249856984
NSL437968	75.55319425047544	61.03921335405779	152.75189794296162	63.730937754522856
NSL437987	65.06087179190088	59.40086308861322	145.53563055288166	60.16108468631037
NSL437988	53.11128232519095	56.61934614399833	133.41230133754732	65.18189218554946
NSL437995	69.72412621793401	53.69917779522664	136.8761096847857	55.99064313020678
NSL438009	59.23180375935945	57.73704623873166	121.86627351341937	62.93108860008845
NSL438010	50.48820171054731	62.50778638992262	111.4748484717042	58.40983601133819
NSL438030	68.26685920979865	55.21585437947239	155.63840489899357	53.28799493469685
NSL438031	69.43267281630693	54.46600494882851	155.6384048989936	48.943551106400506
NSL438032	107.32161502782623	61.37876781321729	174.40070011320154	46.84710437530403
NSL438034	79.0506350700003	58.5293399767705	156.50435698580318	56.33303469806992
NSL438036	67.68395240654452	45.798877378782315	137.4534110759921	26.25590000307523
NSL67793	99.16091978226822	66.81446878026226	192.87434463180625	68.53564565765161
NSL67797	83.42243609440638	61.41555287962623	147.55618542210405	71.8529147823585
NSL67799	87.79423711881245	53.41621574592705	158.8135625506288	48.05670081586973
NSL81596	65.06087179190088	40.60652377413499	135.7215069023729	38.14699076566667
NSL81600	44.367680276378806	63.526449767401104	110.32024568929143	59.19284623620555
NSL8581	78.17627486511908	56.25149547990887	147.84483611770725	60.34350642328663
NSL8582	40.870239456853966	55.90911140025637	114.36135542773621	60.200375521966784
NSL8583	29.79501019502524	56.67310893336524	86.65088864982914	42.8815364622661
Oh40B	63.11562854773666	65.04849414135212	144.92115465231154	60.826201125824525
Oh43	50.652873270530236	55.144822415866756	130.34792788261538	50.107999937818185
Oh43E	40.34713332976338	67.01989200472147	116.01360646979953	58.47342525528655
Oh603	45.30702050408386	59.077874461395666	105.50241670979133	61.49969104211741
OH7B	81.61642090968282	75.65957099008644	151.77250547470857	72.9728498760196
Os420	64.31397040131422	60.8040634018584	149.69926178991685	34.825379688182494
P39	37.77246986047653	31.45403191356052	108.43506565074219	27.081937375416082
Pa762	55.2065723141249	60.096658278609446	130.82573859637594	63.96323561987517
Pa875	65.45260404896938	64.34108901810316	139.09910696900602	39.225940882313864
Pa880	68.54811161760776	65.75589926460108	151.05305881542375	64.74749424338782
Pa91	66.9503224791848	59.389253155360485	151.61050464495895	58.38179217944863
PI186199	76.71900785698372	61.175035137721586	165.16387785389915	76.69972000940486
PI186218	78.75918166837323	66.6475211711755	140.3399180320241	64.1042006932589
PI186219	85.46260990579586	61.67304834448885	151.5972951605488	57.9776368191175
PI186221	81.09080888138979	61.823018230617635	129.65984229470573	66.99207711400626
PI198896	55.442909538207516	65.06576331559083	105.12453316843383	67.54214881319625
PI198903	86.04551670905002	71.89080794469675	141.7831715100401	61.345422732525506
PI200182	67.39249900491744	69.74878523149893	170.35959037475672	67.8199911510524
PI200187	61.271977570748945	52.949328364582755	143.22642498805607	55.202019928817066
PI221733	61.85488437400309	59.10092331635565	118.11381447057778	56.76804037855179
PI221735	67.39249900491744	64.78846050727724	121.00032142660977	70.08202068955812
PI221750	46.11640068614123	55.544090356659915	106.85643734205306	61.39313303296545
PI233312	43.78477347312467	54.08683580276708	122.73222560022896	41.62422972126045
PI303927	70.8899398244423	56.85703426540997	140.3399180320241	55.409700060143884
PI303932	54.86000273495338	47.02127343175651	125.04143116505453	43.69261156974519
PI303937	80.21644867650859	57.45125456893909	155.9270555945968	50.81828526486431
PI303938	59.52325716098652	58.379370090641714	125.61873255626094	54.6828196005
PI340812	76.42755445535666	62.77377071626422	144.66967846607207	55.11501879272069
PI340813	69.43267281630693	67.62091062076607	145.24697985727843	67.96312205237224
PI340826	36.498438432447884	62.745474511334265	98.77421786516348	71.91746401236547
PI340829	34.45826462105838	63.81224143719369	75.6821622169076	60.273344216757295
PI340843	74.9702874472213	57.960586257678344	134.5669041199601	35.854089856288056
PI340844	62.43779117725723	56.18075496758397	123.02087629583215	52.603211798970555
PI340854	83.71388949603345	47.85035223620429	153.6178500297712	45.188469812950586
PI340862	45.24204048126003	58.2605260299359	110.32024568929143	59.88043586019303
PI340870	93.91475855298094	71.26546181574469	146.40158263969127	71.07832402227466
PI343952	30.669370399906455	61.66998265752844	105.99048525524344	59.17097896615606
PI343953	53.694189128445096	51.477925708224916	129.65984229470575	51.584456560164625
PI358536	51.071108513801455	56.30242864878279	149.57674029132642	43.23515398317394
PI358537	45.5334938828871	58.877383297408976	153.6178500297712	55.98503015368443
PI391662	51.071108513801455	68.91970642705115	115.515958210149	60.848674310297824
PI391678	87.50278371718538	63.41609456817427	154.19515142097762	58.95148824574465
PI405714	78.46772826674615	54.25095379136082	170.07093967915353	50.76215549964084
PI406106	41.74459966173518	64.13198855290221	128.50523951229292	54.3993642861215
PI406109	71.76430002932351	61.14390931229864	153.90650072537443	75.93354871410453
PI415088	57.77453675122408	61.27407185497644	115.2273075145458	49.87249872084889
PI427111	63.60360478376551	61.52024883786707	144.66967846607207	38.50902775135803
PI509542	60.689070767494805	64.36118781283488	140.3399180320241	78.2096106939161
PI517972	85.46260990579589	67.02386069674395	163.43197368027998	68.34761094415299
PI518660	53.98564253007216	60.623259141587404	124.46412977384814	52.75476216507391
PI520771	66.51813880003623	55.97136305110229	151.5972951605488	43.04431278141415
PI531083	72.34720683257767	61.8399959535756	161.98872020226395	66.07996842912493
PI535919	53.11128232519095	44.03602381164592	131.96904785953132	35.19175862665114
PI535921	45.82494728451417	63.150110241832664	108.58834151567223	51.096127602720465
PI538008	62.146337775630165	59.4093519500922	148.71078820451683	62.33050011219734
PI538231	46.11640068614123	60.49026697841661	120.13436933980019	56.111322125437226
PI538237	51.071108513801455	69.16022416895579	119.26841725299059	40.09469361892097
PI539872	59.81471056261359	68.67069982366752	164.58657646269276	68.76577769506783
PI539926	46.40785408776831	69.3554679829725	121.57762281781616	80.10679675846929
PI539930	36.498438432447884	64.08388500452129	96.75366299594108	52.25240076632388
PI542715	63.312151382138445	65.0204893877029	146.11293194408802	57.59034143907558
PI542957	69.43267281630693	53.86895502480638	136.5874589891825	43.66174019887228
PI543846	61.563430972376025	61.769255441250714	135.7215069023729	51.25329094534617
PI543849	74.09592724234008	64.71489037445936	155.9270555945968	50.84354365921486
PI543850	67.97540580817159	58.979249635156826	131.1030957727217	52.08681795891466
PI546482	55.73436293983459	52.69183289972013	156.5043569858032	36.74655312334117
PI546494	64.18651158701967	52.241923241333794	127.63928742548335	38.89632313139995
PI547088	60.98052416912188	57.66347610591377	151.30864446494564	65.81335204431346
PI548794	47.865121095903675	44.34728206587546	120.4230200354034	27.24659035926942
PI550492	46.11640068614123	57.43144722548812	128.79389020789614	40.57460311158162
PI550520	80.21644867650859	54.924403468693825	159.96816533304158	49.350491904270655
PI550531	47.865121095903675	65.73921299292385	104.25858108162424	50.8407371709537
PI550568	67.39249900491744	58.67082100142028	144.95832916167524	49.737787284312574
PI550573	52.23692212030974	56.4297615709676	112.34080055851382	50.276633030457845
PI550907	100.03527998714944	63.693397376487866	183.34887167690064	62.30524171784679
PI550913	114.23445519605772	49.70660188011472	194.8138098771849	63.688203450511054
PI550916	124.51794968662303	67.7569454256095	191.16179778639963	69.98949395268647
PI552815	52.819828923563875	63.22650999514355	152.46324724735842	56.95046211552806
PI553056	68.84976601305281	64.36684705382086	156.7930076814064	55.322698924047515
PI553058	65.06087179190088	58.5944212481094	124.17547907824496	51.03719134923583
PI553064	76.97579774305385	63.52078010823339	134.1348345085003	59.1397676372467
PI558516	87.79423711881243	72.27280671125118	152.75189794296162	70.49457446395058
PI558518	72.9301136358318	68.81784008930329	141.49452081443687	61.631684535165185
PI558531	75.26174084884838	61.06750955898775	150.15404168253286	58.648387513537934
PI559382	67.10104560329039	69.78839991840086	146.40158263969127	78.71197209266614
PI559944	66.80959220166329	61.72681113385577	164.87522715829596	67.0004965787898
PI559953	58.357443554478245	63.44722039359722	146.97888403089763	61.67658834734396
PI560081	65.06087179190088	61.3646197107523	115.8046089057522	71.94552889497722
PI561523	78.75918166837323	63.30290974845444	147.55618542210405	59.57172215146395
PI561533	100.90964019203064	68.28587143662008	171.80284385277272	64.65427239244887
PI561604	136.46695519053333	66.69562471955642	213.07989332403014	70.24479700870617
PI567792	39.12151904709153	48.62849787177814	109.45429360248183	34.422780843089654
PI568159	81.965169086271	72.03228896934652	155.0611035077872	58.673645907888485
PI583847	65.06087179190088	51.57696242547978	136.01015759797608	68.68719602375496
PI587125	56.31726974308874	67.3860521198474	136.58745898918252	73.03163985205128
PI592733	80.50790207813566	62.68039323999537	143.80372637926246	61.00022467640118
PI592735	81.67371568464395	64.97521545981498	161.4114188110576	78.1787393230432
PI594051	72.63866023420472	68.0793091406314	167.18443272312155	61.5783612582029
PI594053	91.58313133996438	60.64023686454538	160.83411741985117	47.790084431058276
PI594054	48.73948130078488	67.06913462463187	107.72238942886264	54.95785545009498
PI594057	59.23180375935945	68.45281904570683	137.4534110759921	50.11385671130979
PI594064	57.77453675122408	60.00640187411431	159.39086394183516	53.79035633344688
PI594076	68.26685920979867	60.78454750968817	151.30864446494562	62.70095656267223
PI596355	80.79935547976271	54.81687788995999	164.00927507148634	40.05820927152572
PI596501	53.694189128445096	68.93385452951611	122.73222560022896	74.22720385131115
PI597578	45.24204048126003	69.98930297340357	112.0521498629106	69.38320511252596
PI597925	71.76430002932351	55.60351238701282	146.11293194408802	57.19743308251131
PI600959	64.7694183902738	57.77383130514062	137.74206177159527	38.18347511306193
PI601008	75.84464765210251	65.00068204425193	139.18531524961128	64.91808228899916
PI601009	61.271977570748945	66.89086853357314	153.04054863856481	57.52298572080742
PI601150	68.8497660130528	55.51579415172996	136.01015759797608	48.951970571184034
PI601159	55.15145613658045	65.25817750911455	128.21658881668972	50.44502232612825
PI601170	53.694189128445096	69.62994117079309	108.29969082006903	63.56816143537479
PI601191	83.1309826927793	60.235601134046966	150.73134307373923	76.80636656332945
PI601316	52.52837552193681	62.581356522740506	119.5570679485938	61.08722581249756
PI601317	33.87535781780424	60.80718447363213	115.22730751454579	54.999952774012584
PI601360	56.02581634146167	63.72452320191082	127.06198603427694	62.931088600088444
PI601361	71.47284662769644	68.07647952013839	146.40158263969127	62.987218365311904
PI601362	77.30191466023787	73.24336654034875	164.29792576708957	80.22466926543856
PI601417	77.30191466023788	61.18069437870757	155.9270555945968	54.63791578832122
PI601430	58.94035035773237	56.07888862983612	134.5669041199601	40.341664585904226
PI601494	65.35232519352795	55.795926580536545	140.91721942323048	61.49977958689004
PI601501	60.5222065581494	70.87266848917866	141.03307956887238	71.2887774152154
PI601560	37.66425203895617	67.91802077253062	136.8761096847857	71.97359377758895
PI601561	68.84976601305281	59.7432471682657	143.80372637926246	45.04533891163074
PI601576	76.97579774305385	73.9033986429983	166.59716420436905	71.16393209957798
PI601610	55.73436293983459	64.1546255168462	135.43285620676969	62.99002485357309
PI601683	72.05575343095059	69.40074191086043	131.96904785953132	61.94881770867778
PI601685	78.75918166837323	57.27581809837335	161.98872020226395	57.82047347649179
PI601686	74.38738064396715	53.09646863021854	150.73134307373923	65.1678597442436
PI601724	50.779655112174375	66.989905250828	139.18531524961128	66.8208813300747
PI601729	83.1309826927793	67.5954440363291	164.00927507148634	78.82703811137424
PI601780	67.97540580817159	54.55938242509736	155.34975420339038	60.73360829158972
PI601782	68.55831261142572	59.975276048691356	144.38102777046882	48.918292712049954
PI601789	52.819828923563875	60.77322902771618	136.8761096847857	59.51839887450166
PI601791	67.39249900491744	62.7171783064043	143.22642498805607	61.398746009487795
PI604606	61.85488437400309	62.76811147527823	129.65984229470575	55.54160500841903
PI607522	47.28221429264953	64.3442100898769	114.072704732133	54.3348150561145
PI610493	71.47284662769644	55.37997236806615	171.22554246156633	50.66392841049978
PI638594	93.04039834809973	66.40983304976385	152.17459655175523	61.78042841300738
PI639111	60.39761736586774	59.82247654206958	137.7420617715953	66.2848420721906
PI639931	108.19597523270743	72.8076049844274	180.46236472086872	71.70978388103865
PI639937	89.2515041269478	65.80146464376975	148.71078820451683	73.7893916825681
PI641070	85.75406330742294	66.52867711046967	155.9270555945968	58.519289053523956
PI641229	57.19162994796996	71.5880385519462	154.1951514209776	69.72559668038909
PI641242	77.30191466023788	50.14517445602389	151.59729516054884	51.61813441929871
PI648428	89.83441093020194	62.27858712998996	164.58657646269276	77.83915424344123
R109B	64.31397040131422	57.26703778561362	143.9655332247905	50.21796598008362
R168	64.84842495192765	57.26703778561362	138.55456327214316	53.429392825987385
R177	50.41320489981473	55.14482241586677	146.59349215047342	40.95831599683714
R229	78.4544042735292	62.21887364835631	162.60015106145116	71.54440231383089
R4	64.01548702821195	59.389253155360485	149.37798950083427	62.65613791402073
SA24	67.42965922061582	58.68184803211153	136.79837251838256	54.02929305538148
SC213R	71.34040675131672	58.4006249225196	157.41100936469348	69.91035539467542
SC357	63.11562854773666	69.29292488084586	141.0986689422273	64.65555673321975
SC55	92.265588071583	65.98383509835445	162.81922521495818	67.7815389295901
SD40	76.77672567852066	70.70773512734377	159.73328677888796	61.61045974933719
SD44	45.380169114789055	51.60779679962199	127.48106360005222	54.29071259655237
Sg1533	80.37175123925327	54.43741729261781	143.2488171541497	60.21920820121261
Sg18	87.08246561928752	57.97444290886258	151.8494100018392	37.03702287927384
T232	84.21491665617285	71.41514025059271	169.71425134087025	73.9109328225044
T234	62.19761513700489	60.096658278609446	139.52310556029096	60.041942502311876
T8	90.67749118002013	69.29292488084586	164.03358320273273	66.31601149041315
Tx303	92.3971633607557	65.04849414135212	174.9331060210621	70.03594437686037
Tx601	106.73346362757611	74.18567780699682	180.7953682087766	58.68066480967153
Tzi10	93.0793483104539	58.091308656115835	150.98993640135367	61.38849463086417
Tzi11	84.41629896276211	66.46330438785003	164.92790258902835	72.5954054594215
Tzi16	91.39649629216667	66.29315136475822	175.0232296192249	72.66232601427936
Tzi18	88.13785634400917	69.29292488084586	156.50998268762453	71.3141742426634
Tzi25	93.69413331499183	66.46330438785003	164.5113939164933	66.64552083059566
Tzi8	93.8330405261694	66.97040090363427	162.814482863115	72.71310611553824
Tzi9	89.94723870950182	64.01070348779479	181.78676888941834	61.01951612671507
U267Y	55.986481542242956	62.03757187723514	132.9965476594078	53.72067967820801
VA102	67.66932759133132	68.5855197575969	146.35458679359314	71.0215632314891
Va14	55.925577426271424	59.389253155360485	131.30354931013645	59.63531241104828
Va17	57.60325602127999	68.5855197575969	136.320561804622	61.871879290508076
Va22	68.14866433276235	64.34108901810318	144.443343938551	65.27033332572961
Va26	56.895995507159334	61.511468525107354	148.76828191353758	69.57714501080262
Va35	58.32226113342651	62.21887364835631	129.39230645509434	69.19162644329289
Va59	58.32226113342651	68.5855197575969	128.43668502757328	67.62310919626756
Va85	62.7866267958738	67.9569667089141	141.9644735084982	53.753598184464316
Va99	54.24789883126287	63.63368389485422	142.5321010835089	63.70181607870428
VaW6	44.539863725477204	60.09665827860944	97.56614058749055	32.59206897649351
W117Ht	41.545475183340926	57.267037785613624	100.00694755882176	40.956285484907866
W153R	43.46282214906499	56.42749331195994	94.27321899369541	56.90490800826122
W182B	42.02481192477194	45.26595318747809	115.05798504227849	49.5851608554764
W22	55.925577426271424	54.45436170140029	127.24215824317196	41.655434773641396
W22_R-RSTD	51.85121512410778	55.852227539115724	126.76434752941142	42.26541370269159
W64A	55.30550961820569	57.41405911723977	125.25911918671045	44.09535049088779
WD	46.78522323121395	26.521202887161394	116.6236504207606	16.585243173664367
Wf9	65.97664300163848	55.852227539115724	152.56494916212972	35.90321112575768
Yu796_NS	66.7106541084693	50.90039167637303	141.33757429910756	46.97096544376755
